scrollX=0
scrollY=1177
zoomX=1.870476589537338
zoomY=7.84921938648922
